	sp1	sp2	sp3	sp4	sp5	sp6	sp7
sp1	0	3.3913	3.3913	2.5191	2.5191	3.3913	3.3913
sp2	3.3913	0	2.5567	3.3913	3.3913	3.0911	3.0911
sp3	3.3913	2.5567	0	3.3913	3.3913	2.6052	2.6052
sp4	2.5191	3.3913	3.3913	0	1.4475	3.3913	3.3913
sp5	2.5191	3.3913	3.3913	1.4475	0	3.3913	3.3913
sp6	3.3913	3.0911	2.6052	3.3913	3.3913	0	0.1005
sp7	3.3913	3.0911	2.6052	3.3913	3.3913	0.1005	0
