0.000000000000000000e+00 3.391300000000000203e+00 3.391300000000000203e+00 2.519099999999999895e+00 2.519099999999999895e+00 3.391300000000000203e+00 3.391300000000000203e+00
3.391300000000000203e+00 0.000000000000000000e+00 2.556700000000000195e+00 3.391300000000000203e+00 3.391300000000000203e+00 3.091099999999999959e+00 3.091099999999999959e+00
3.391300000000000203e+00 2.556700000000000195e+00 0.000000000000000000e+00 3.391300000000000203e+00 3.391300000000000203e+00 2.605199999999999960e+00 2.605199999999999960e+00
2.519099999999999895e+00 3.391300000000000203e+00 3.391300000000000203e+00 0.000000000000000000e+00 1.447500000000000009e+00 3.391300000000000203e+00 3.391300000000000203e+00
2.519099999999999895e+00 3.391300000000000203e+00 3.391300000000000203e+00 1.447500000000000009e+00 0.000000000000000000e+00 3.391300000000000203e+00 3.391300000000000203e+00
3.391300000000000203e+00 3.091099999999999959e+00 2.605199999999999960e+00 3.391300000000000203e+00 3.391300000000000203e+00 0.000000000000000000e+00 1.005000000000000060e-01
3.391300000000000203e+00 3.091099999999999959e+00 2.605199999999999960e+00 3.391300000000000203e+00 3.391300000000000203e+00 1.005000000000000060e-01 0.000000000000000000e+00
